seq_id	number_of_amine_acid	molecular_weight	theoretical_pi	Formula	Total_number_of_atoms	instability_index	aliphatic_index	gravy
Cs_ont_8g020880.1	172	19078.24	6.04	C802H1291N249O269S11	2622	55.10	72.79	-0.586
Cs_ont_6g007710.1	515	56316.12	6.62	C2409H3895N723O789S22	7838	57.73	70.89	-0.677
Cs_ont_4g000320.2	401	43577.82	6.27	C1843H2938N578O625S12	5996	52.30	68.38	-0.724
Cs_ont_8g020020.1	597	64847.10	6.49	C2735H4376N850O942S19	8922	59.21	55.93	-0.922
Cs_ont_3g024750.1	453	50176.98	7.12	C2147H3451N651O703S17	6969	56.35	73.73	-0.571
Cs_ont_6g007970.1	462	50456.23	7.73	C2159H3448N654O705S19	6985	52.46	63.14	-0.759
Cs_ont_7g019670.1	450	49244.37	6.36	C2117H3411N637O678S19	6862	43.29	85.22	-0.352
Cs_ont_2g030000.1	264	29781.53	9.32	C1279H2092N382O417S9	4179	63.95	73.14	-0.799
Cs_ont_1g001530.1	359	40821.33	7.07	C1793H2841N519O542S15	5710	48.46	79.36	-0.487
